67 593.0 593.25
64 593.0 593.25
67 593.5 593.75
64 593.5 593.75
67 594.0 594.25
64 594.0 594.25
64 594.5 594.75
60 594.5 594.75
67 594.75 595.0
64 594.75 595.0
60 595.0 595.25
64 595.0 595.25
55 595.5 595.75
60 595.5 595.75
55 596.0 596.25
60 596.0 596.25
55 596.5 596.75
52 596.5 596.75
67 597.0 597.25
64 597.0 597.25
67 597.5 597.75
64 597.5 597.75
67 598.0 598.25
64 598.0 598.25
64 598.5 598.75
60 598.5 598.75
67 598.75 599.0
64 598.75 599.0
60 599.0 599.25
64 599.0 599.25
55 599.5 599.75
60 599.5 599.75
55 600.0 600.25
60 600.0 600.25
55 600.5 600.75
52 600.5 600.75
64 601.0 601.25
60 601.0 601.25
60 601.5 601.75
64 601.5 601.75
69 602.0 602.25
64 602.0 602.25
60 602.5 602.75
64 602.5 602.75
67 603.0 605.0
64 603.0 605.0
64 605.0 605.25
60 605.0 605.25
60 605.5 605.75
64 605.5 605.75
69 606.0 606.25
64 606.0 606.25
60 606.5 606.75
64 606.5 606.75
67 607.0 609.0
64 607.0 609.0
67 609.0 609.25
64 609.0 609.25
67 609.5 609.75
64 609.5 609.75
67 610.0 610.25
64 610.0 610.25
64 610.5 610.75
60 610.5 610.75
67 610.75 611.0
64 610.75 611.0
60 611.0 611.25
64 611.0 611.25
55 611.5 611.75
60 611.5 611.75
55 612.0 612.25
60 612.0 612.25
55 612.5 612.75
52 612.5 612.75
67 613.0 613.25
64 613.0 613.25
67 613.5 613.75
64 613.5 613.75
67 614.0 614.25
64 614.0 614.25
64 614.5 614.75
60 614.5 614.75
67 614.75 615.0
64 614.75 615.0
60 615.0 615.25
64 615.0 615.25
55 615.5 615.75
60 615.5 615.75
55 616.0 616.25
60 616.0 616.25
55 616.5 616.75
52 616.5 616.75
57 617.0 617.25
60 617.0 617.25
57 617.5 617.75
60 617.5 617.75
55 618.0 618.25
67 618.0 618.25
55 618.5 618.75
67 618.5 618.75
60 619.0 621.0
64 619.0 621.0
57 621.0 621.25
60 621.0 621.25
57 621.5 621.75
60 621.5 621.75
55 622.0 622.25
67 622.0 622.25
55 622.5 622.75
64 622.5 622.75
52 623.0 625.0
60 623.0 625.0
86 685.5 686.0
83 686.0 686.5
78 686.5 686.75
76 686.75 687.0
74 687.0 687.5
74 717.5 718.0
71 718.0 718.25
74 718.25 718.5
71 718.5 718.75
64 718.75 719.0
62 719.0 723.0
67 783.0 783.25
64 783.0 783.25
67 783.5 783.75
64 783.5 783.75
67 784.0 784.25
64 784.0 784.25
64 784.5 784.75
60 784.5 784.75
67 784.75 785.0
64 784.75 785.0
60 785.0 785.25
64 785.0 785.25
55 785.5 785.75
60 785.5 785.75
55 786.0 786.25
60 786.0 786.25
55 786.5 786.75
52 786.5 786.75
67 787.0 787.25
64 787.0 787.25
67 787.5 787.75
64 787.5 787.75
67 788.0 788.25
64 788.0 788.25
64 788.5 788.75
60 788.5 788.75
67 788.75 789.0
64 788.75 789.0
60 789.0 789.25
64 789.0 789.25
55 789.5 789.75
60 789.5 789.75
55 790.0 790.25
60 790.0 790.25
55 790.5 790.75
52 790.5 790.75
64 791.0 791.25
60 791.0 791.25
60 791.5 791.75
64 791.5 791.75
69 792.0 792.25
64 792.0 792.25
60 792.5 792.75
64 792.5 792.75
67 793.0 795.0
64 793.0 795.0
64 795.0 795.25
60 795.0 795.25
60 795.5 795.75
64 795.5 795.75
69 796.0 796.25
64 796.0 796.25
60 796.5 796.75
64 796.5 796.75
67 797.0 799.0
64 797.0 799.0
67 799.0 799.25
64 799.0 799.25
67 799.5 799.75
64 799.5 799.75
67 800.0 800.25
64 800.0 800.25
64 800.5 800.75
60 800.5 800.75
67 800.75 801.0
64 800.75 801.0
60 801.0 801.25
64 801.0 801.25
55 801.5 801.75
60 801.5 801.75
55 802.0 802.25
60 802.0 802.25
55 802.5 802.75
52 802.5 802.75
67 803.0 803.25
64 803.0 803.25
67 803.5 803.75
64 803.5 803.75
67 804.0 804.25
64 804.0 804.25
64 804.5 804.75
60 804.5 804.75
67 804.75 805.0
64 804.75 805.0
60 805.0 805.25
64 805.0 805.25
55 805.5 805.75
60 805.5 805.75
55 806.0 806.25
60 806.0 806.25
55 806.5 806.75
52 806.5 806.75
57 807.0 807.25
60 807.0 807.25
57 807.5 807.75
60 807.5 807.75
55 808.0 808.25
67 808.0 808.25
55 808.5 808.75
67 808.5 808.75
60 809.0 811.0
64 809.0 811.0
57 811.0 811.25
60 811.0 811.25
57 811.5 811.75
60 811.5 811.75
55 812.0 812.25
67 812.0 812.25
55 812.5 812.75
64 812.5 812.75
52 813.0 815.0
60 813.0 815.0
