69 1610.0 1610.875
72 1610.0 1610.875
67 1610.0 1610.875
69 1611.0 1611.25
67 1611.0 1611.25
72 1611.0 1611.25
69 1612.0 1612.875
72 1612.0 1612.875
67 1612.0 1612.875
69 1613.0 1613.25
72 1613.0 1613.25
67 1613.0 1613.25
69 1614.0 1614.75
72 1614.0 1614.75
67 1614.0 1614.75
69 1615.0 1615.125
72 1615.0 1615.125
67 1615.0 1615.125
69 1616.0 1616.875
72 1616.0 1616.875
67 1616.0 1616.875
69 1617.0 1617.125
72 1617.0 1617.25
67 1617.0 1617.25
69 1618.0 1618.75
67 1618.0 1618.75
72 1617.875 1618.75
69 1618.875 1619.125
72 1618.875 1619.125
67 1618.875 1619.125
69 1620.0 1620.75
72 1619.875 1620.875
67 1620.0 1620.875
69 1621.0 1621.125
72 1621.0 1621.125
67 1621.0 1621.125
69 1621.875 1622.75
67 1621.875 1622.75
72 1621.875 1622.75
69 1623.0 1623.125
72 1623.0 1623.125
67 1623.0 1623.125
69 1623.875 1624.75
72 1623.875 1624.75
67 1623.875 1624.75
69 1625.0 1625.125
72 1625.0 1625.125
67 1625.0 1625.125
67 1625.875 1626.625
64 1625.875 1626.625
71 1626.0 1626.625
67 1626.875 1627.125
64 1626.875 1627.125
71 1626.875 1627.125
71 1627.875 1628.625
67 1627.875 1628.625
64 1627.875 1628.75
67 1628.875 1629.125
64 1628.875 1629.125
71 1628.875 1629.125
67 1629.875 1630.625
71 1629.875 1630.625
64 1629.875 1630.625
67 1630.875 1631.125
71 1630.875 1631.125
64 1630.875 1631.125
67 1631.875 1632.5
71 1631.875 1632.625
64 1631.875 1632.625
67 1632.875 1633.125
64 1632.875 1633.125
71 1632.875 1633.125
69 1633.875 1634.5
64 1633.875 1634.625
60 1633.875 1634.625
64 1634.875 1635.125
69 1634.875 1635.125
60 1634.875 1635.25
60 1635.875 1636.625
64 1635.875 1636.625
69 1635.875 1636.625
64 1636.875 1637.125
69 1636.875 1637.125
60 1637.0 1637.25
60 1637.875 1638.5
69 1637.875 1638.5
64 1637.875 1638.625
69 1638.75 1639.0
64 1638.875 1639.125
60 1638.875 1639.125
60 1639.875 1640.5
69 1639.875 1640.625
64 1639.875 1640.625
60 1640.875 1641.0
69 1640.875 1641.125
64 1640.875 1641.125
48 1641.375 1642.0
55 1641.375 1642.0
55 1642.375 1643.0
48 1642.375 1643.0
48 1643.375 1644.0
55 1643.375 1644.0
48 1644.375 1645.0
55 1644.375 1645.0
60 1645.375 1646.0
67 1645.375 1646.0
60 1646.375 1647.0
67 1646.375 1647.0
60 1647.375 1648.0
67 1647.375 1648.0
60 1648.375 1649.0
67 1648.375 1649.0
71 1649.375 1651.375
65 1649.375 1651.375
67 1649.375 1651.375
67 1651.375 1651.875
71 1651.375 1651.875
62 1651.375 1651.875
67 1652.375 1652.875
71 1652.375 1652.875
55 1652.375 1652.875
72 1653.375 1653.875
60 1653.375 1653.875
67 1653.375 1653.875
69 1799.875 1800.75
72 1799.875 1800.75
67 1799.875 1800.75
69 1800.875 1801.125
67 1800.875 1801.125
72 1800.875 1801.125
69 1801.875 1802.75
72 1801.875 1802.75
67 1801.875 1802.75
69 1802.875 1803.125
72 1802.875 1803.125
67 1802.875 1803.125
69 1803.875 1804.625
72 1803.875 1804.625
67 1803.875 1804.625
69 1804.875 1805.0
72 1804.875 1805.0
67 1804.875 1805.0
69 1805.875 1806.75
72 1805.875 1806.75
67 1805.875 1806.75
69 1806.875 1807.0
72 1806.875 1807.125
67 1806.875 1807.125
69 1807.875 1808.625
67 1807.875 1808.625
72 1807.875 1808.625
69 1808.875 1809.0
72 1808.875 1809.0
67 1808.75 1809.0
69 1809.875 1810.75
72 1809.875 1810.75
67 1809.875 1810.75
69 1810.875 1811.0
72 1810.875 1811.0
67 1810.875 1811.0
69 1811.75 1812.625
67 1811.75 1812.625
72 1811.75 1812.625
69 1812.875 1813.0
72 1812.875 1813.0
67 1812.875 1813.0
69 1813.75 1814.625
72 1813.75 1814.75
67 1813.75 1814.75
69 1814.875 1815.0
72 1814.875 1815.0
67 1814.875 1815.0
67 1815.875 1816.5
64 1815.875 1816.5
71 1815.875 1816.5
67 1816.75 1817.0
64 1816.875 1817.0
71 1816.75 1817.0
71 1817.75 1818.5
67 1817.75 1818.625
64 1817.75 1818.625
67 1818.75 1819.0
64 1818.75 1819.0
71 1818.75 1819.0
67 1819.75 1820.5
71 1819.75 1820.5
64 1819.75 1820.5
67 1820.75 1821.0
71 1820.75 1821.0
64 1820.75 1821.0
67 1821.75 1822.5
71 1821.75 1822.5
64 1821.75 1822.5
67 1822.75 1823.0
64 1822.75 1823.0
71 1822.75 1823.0
69 1823.75 1824.375
64 1823.75 1824.5
60 1823.75 1824.5
64 1824.75 1825.0
69 1824.875 1825.0
60 1824.875 1825.125
60 1825.75 1826.5
64 1825.75 1826.5
69 1825.75 1826.5
64 1826.75 1827.0
69 1826.875 1827.0
60 1826.875 1827.125
60 1827.75 1828.375
69 1827.75 1828.5
64 1827.75 1828.5
69 1828.625 1829.0
64 1828.75 1829.0
60 1828.75 1829.0
60 1829.75 1830.375
69 1829.75 1830.5
64 1829.75 1830.5
60 1830.75 1830.875
69 1830.75 1831.0
64 1830.75 1831.0
48 1831.25 1831.875
55 1831.25 1831.875
55 1832.25 1832.875
48 1832.25 1832.875
48 1833.25 1833.875
55 1833.25 1833.875
48 1834.25 1834.875
55 1834.25 1834.875
60 1835.25 1835.875
67 1835.25 1835.875
60 1836.25 1836.875
67 1836.25 1836.875
60 1837.25 1837.875
67 1837.25 1837.875
60 1838.25 1838.875
67 1838.25 1838.875
71 1839.25 1841.25
65 1839.25 1841.25
67 1839.25 1841.25
67 1841.25 1841.75
71 1841.25 1841.75
62 1841.25 1841.75
67 1842.25 1842.75
71 1842.25 1842.75
55 1842.25 1842.75
72 1843.25 1843.75
60 1843.25 1843.75
67 1843.25 1843.75
