64 2021.5 2021.875
64 2022.0 2022.375
64 2022.5 2022.75
65 2022.75 2023.625
64 2023.5 2024.0
62 2024.0 2024.5
60 2024.5 2025.0
62 2025.0 2025.375
62 2025.5 2025.875
62 2026.0 2026.375
62 2026.5 2026.75
67 2026.75 2029.0
60 2029.0 2029.375
60 2029.5 2029.75
60 2030.0 2030.25
60 2030.5 2030.875
60 2031.0 2031.25
60 2031.5 2032.125
64 2032.0 2032.375
64 2032.5 2032.875
64 2033.0 2036.875
65 2037.5 2037.875
65 2038.0 2038.375
65 2038.5 2038.75
67 2038.75 2039.625
65 2039.5 2040.125
64 2040.0 2040.5
62 2040.5 2041.125
64 2041.0 2041.375
64 2041.5 2041.875
64 2042.0 2042.5
62 2042.5 2042.75
60 2042.75 2045.0
62 2045.0 2045.25
62 2045.5 2045.875
62 2046.0 2046.25
62 2046.5 2047.125
69 2047.0 2047.375
69 2047.5 2048.0
67 2048.0 2048.625
69 2048.5 2048.75
67 2048.75 2053.125
64 2053.5 2053.75
64 2054.0 2054.375
64 2054.5 2054.75
65 2054.75 2055.5
64 2055.5 2056.0
62 2056.0 2056.5
60 2056.5 2057.0
62 2057.0 2057.375
62 2057.5 2057.875
62 2058.0 2058.375
62 2058.5 2058.75
67 2058.75 2061.0
60 2061.0 2061.25
60 2061.5 2061.875
60 2062.0 2062.25
60 2062.5 2062.875
60 2063.0 2063.25
60 2063.5 2064.0
64 2064.0 2064.5
64 2064.5 2064.875
64 2065.0 2068.625
65 2069.5 2069.75
65 2070.0 2070.375
65 2070.5 2070.875
67 2070.75 2071.625
65 2071.5 2072.125
64 2072.0 2072.625
62 2072.5 2073.0
64 2073.0 2073.375
64 2073.5 2073.75
64 2074.0 2074.625
62 2074.5 2074.75
60 2074.75 2077.125
62 2077.0 2077.375
62 2077.5 2077.875
62 2078.0 2078.375
62 2078.5 2079.125
69 2079.0 2079.375
69 2079.5 2080.0
67 2080.0 2080.625
69 2080.5 2080.875
67 2080.75 2084.875
64 2089.5 2090.0
69 2090.0 2090.5
71 2090.5 2090.875
72 2090.75 2091.875
72 2092.0 2092.375
72 2092.5 2093.0
71 2093.0 2093.5
72 2093.5 2094.0
71 2094.0 2094.625
67 2094.5 2094.75
67 2094.75 2096.75
69 2097.0 2097.875
69 2098.0 2098.5
60 2098.5 2099.5
62 2099.5 2100.0
60 2100.0 2100.625
62 2100.5 2101.0
64 2101.0 2104.125
64 2105.5 2106.0
69 2106.0 2106.5
71 2106.5 2106.75
72 2106.75 2107.75
72 2108.0 2108.375
72 2108.5 2109.0
71 2109.0 2109.5
72 2109.5 2110.0
71 2110.0 2110.5
67 2110.5 2110.625
67 2110.75 2112.875
69 2113.0 2113.375
69 2113.5 2113.75
69 2114.0 2114.375
69 2114.5 2114.875
69 2115.0 2115.5
71 2115.5 2115.875
72 2116.0 2116.5
74 2116.5 2120.5
72 2121.0 2122.0
72 2122.0 2122.375
67 2122.5 2124.625
72 2124.5 2124.875
71 2125.0 2126.0
71 2126.0 2126.5
68 2126.5 2128.5
69 2129.0 2129.875
69 2130.0 2130.5
64 2130.5 2132.0
69 2132.0 2132.5
67 2132.5 2133.0
65 2133.0 2134.5
67 2134.5 2135.0
69 2135.0 2136.0
71 2136.0 2137.0
72 2137.0 2137.875
72 2138.0 2138.5
67 2138.5 2140.625
72 2140.5 2140.875
71 2141.0 2141.75
71 2142.0 2142.5
68 2142.5 2144.75
69 2145.0 2145.875
69 2146.0 2146.5
64 2146.5 2148.0
69 2148.0 2148.5
67 2148.5 2149.0
65 2149.0 2150.625
67 2150.5 2151.0
69 2151.0 2152.125
71 2152.0 2153.125
72 2153.0 2157.0
64 2189.5 2190.0
69 2190.0 2190.5
71 2190.5 2190.875
72 2190.75 2191.875
72 2192.0 2192.375
72 2192.5 2193.0
71 2193.0 2193.5
72 2193.5 2194.0
71 2194.0 2194.5
67 2194.5 2194.75
67 2194.75 2197.0
69 2197.0 2197.875
69 2198.0 2198.5
60 2198.5 2199.625
62 2199.5 2200.0
60 2200.0 2200.625
62 2200.5 2201.0
64 2201.0 2205.125
64 2205.5 2206.0
69 2206.0 2206.5
71 2206.5 2206.875
72 2206.75 2208.0
72 2208.0 2208.375
72 2208.5 2209.0
71 2209.0 2209.5
72 2209.5 2210.0
71 2210.0 2210.5
67 2210.5 2210.75
67 2210.75 2212.625
69 2213.0 2213.5
69 2213.5 2213.75
69 2214.0 2214.375
69 2214.5 2214.75
69 2215.0 2215.5
71 2215.5 2216.0
72 2216.0 2216.375
74 2216.5 2220.625
72 2221.0 2221.875
72 2222.0 2222.5
67 2222.5 2224.5
72 2224.5 2224.875
71 2225.0 2225.875
71 2226.0 2226.5
68 2226.5 2228.875
69 2229.0 2230.0
69 2230.0 2230.5
64 2230.5 2232.0
69 2232.0 2232.5
67 2232.5 2233.0
65 2233.0 2234.625
67 2234.5 2235.0
69 2235.0 2236.125
71 2236.0 2237.0
72 2237.0 2237.875
72 2238.0 2238.5
67 2238.5 2240.625
72 2240.5 2241.0
71 2241.0 2241.875
71 2242.0 2242.5
71 2244.25 2244.5
68 2242.5 2244.75
69 2245.0 2245.875
69 2246.0 2246.5
64 2246.5 2248.0
69 2248.0 2248.5
67 2248.5 2249.0
65 2249.0 2250.5
67 2250.5 2251.0
69 2251.0 2252.125
71 2252.0 2253.125
72 2253.0 2254.0
72 2254.0 2254.375
67 2254.5 2256.25
72 2256.5 2257.0
71 2257.0 2257.75
71 2258.0 2258.5
68 2258.5 2261.0
69 2261.0 2261.875
69 2262.0 2262.5
64 2262.5 2264.0
69 2264.0 2264.5
67 2264.5 2265.0
65 2265.0 2266.25
67 2266.5 2267.0
69 2267.0 2268.125
71 2268.0 2269.0
72 2269.0 2269.875
72 2270.0 2270.5
67 2270.5 2272.5
72 2272.5 2273.0
71 2273.0 2274.0
71 2274.0 2274.5
68 2274.5 2276.75
69 2277.0 2277.875
69 2278.0 2278.5
64 2278.5 2280.0
69 2280.0 2280.5
67 2280.5 2281.0
65 2281.0 2282.5
67 2282.5 2283.0
69 2283.0 2284.0
71 2284.0 2285.125
72 2285.0 2289.125
