72 2313.625 2313.75
74 2313.875 2314.375
72 2314.375 2314.625
79 2314.625 2315.125
72 2315.125 2315.375
74 2315.375 2315.875
72 2315.875 2316.25
79 2316.125 2316.75
71 2317.625 2318.0
74 2317.875 2318.375
71 2318.375 2318.625
79 2318.625 2319.125
71 2319.125 2319.375
74 2319.375 2319.875
71 2319.875 2320.125
79 2320.125 2320.875
72 2321.625 2321.875
74 2321.875 2322.375
72 2322.375 2322.625
81 2322.625 2323.125
72 2323.125 2323.375
74 2323.375 2323.875
72 2323.875 2324.25
81 2324.125 2325.125
71 2325.625 2325.875
74 2325.875 2326.5
71 2326.375 2326.625
79 2326.625 2327.125
71 2327.125 2327.375
74 2327.375 2327.875
71 2327.875 2328.125
79 2328.125 2328.75
72 2329.625 2329.875
74 2329.875 2330.375
72 2330.375 2330.625
81 2330.625 2331.125
72 2331.125 2331.375
74 2331.375 2332.0
72 2331.875 2332.25
81 2332.125 2332.75
72 2333.625 2334.0
74 2333.875 2334.5
72 2334.375 2334.75
79 2334.625 2335.125
72 2335.125 2335.375
74 2335.375 2335.875
72 2335.875 2336.25
79 2336.125 2337.25
74 2337.625 2337.875
76 2337.875 2338.375
74 2338.375 2338.75
81 2338.625 2339.125
74 2339.125 2339.375
76 2339.375 2339.875
74 2339.875 2340.25
81 2340.125 2340.75
71 2341.625 2342.0
74 2341.875 2342.375
71 2342.375 2342.75
79 2342.625 2343.125
71 2343.125 2343.375
74 2343.375 2344.0
71 2343.875 2344.25
79 2344.125 2344.875
72 2345.625 2346.0
74 2345.875 2346.375
72 2346.375 2346.75
79 2346.625 2347.125
72 2347.125 2347.5
74 2347.375 2347.875
72 2347.875 2348.125
79 2348.125 2349.125
71 2349.625 2350.0
74 2349.875 2350.5
71 2350.375 2350.75
79 2350.625 2351.125
71 2351.125 2351.5
74 2351.375 2351.875
71 2351.875 2352.25
79 2352.125 2352.75
72 2353.625 2354.0
74 2353.875 2354.375
72 2354.375 2354.75
81 2354.625 2355.125
72 2355.125 2355.375
74 2355.375 2355.875
72 2355.875 2356.25
81 2356.125 2356.625
71 2357.625 2358.0
74 2357.875 2358.375
71 2358.375 2358.75
79 2358.625 2359.125
71 2359.125 2359.5
74 2359.375 2360.0
71 2359.875 2360.25
79 2360.125 2360.875
72 2361.625 2361.875
74 2361.875 2362.375
72 2362.375 2362.625
81 2362.625 2363.125
72 2363.125 2363.5
74 2363.375 2363.875
72 2363.875 2364.25
81 2364.125 2364.75
72 2365.625 2365.875
74 2365.875 2366.375
72 2366.375 2366.75
79 2366.625 2367.125
72 2367.125 2367.375
74 2367.375 2367.875
72 2367.875 2368.25
79 2368.125 2369.125
74 2369.625 2370.0
76 2369.875 2370.5
74 2370.375 2370.625
81 2370.625 2371.125
74 2371.125 2371.375
76 2371.375 2372.0
74 2371.875 2372.25
81 2372.125 2373.125
71 2373.625 2374.0
74 2373.875 2374.5
71 2374.375 2374.625
79 2374.625 2375.125
71 2375.125 2375.375
74 2375.375 2375.875
71 2375.875 2376.25
79 2376.125 2376.875
