79 805.25 805.5
84 805.5 805.75
86 805.75 806.0
91 806.0 808.25
88 814.25 814.75
86 814.75 815.0
88 815.5 815.75
79 816.0 817.875
86 818.25 818.75
84 818.75 819.0
86 819.5 819.75
79 820.0 821.875
84 822.25 822.75
83 822.75 823.0
84 823.0 823.25
76 824.0 825.75
79 826.5 826.75
84 826.75 827.0
88 827.0 827.25
89 827.25 827.5
88 827.5 827.75
84 827.75 828.0
79 828.0 828.75
83 829.5 829.75
84 829.75 830.0
86 830.0 830.25
88 830.25 830.75
86 830.75 831.0
88 831.5 831.75
79 832.0 833.875
86 834.25 834.75
84 834.75 835.0
88 835.0 835.5
86 835.5 836.0
79 836.0 837.5
84 838.25 838.75
83 838.75 839.0
86 839.0 839.5
84 839.5 840.0
76 840.0 842.25
79 842.25 844.25
83 844.5 844.75
84 844.75 845.0
86 845.0 845.25
91 845.25 847.0
88 869.5 869.75
86 869.75 870.0
91 870.0 872.25
88 877.5 877.75
86 877.75 878.0
86 901.5 901.75
88 901.75 902.0
91 902.0 903.625
84 909.5 909.75
86 909.75 910.0
88 910.0 912.25
86 917.5 917.75
88 917.75 918.0
91 918.0 919.25
84 925.5 925.75
86 925.75 926.0
88 926.0 926.25
89 926.25 926.75
88 926.75 927.25
86 927.25 927.625
79 927.75 928.25
81 928.25 930.125
88 930.25 930.75
86 930.75 931.0
89 931.0 931.5
88 931.5 931.875
79 932.0 934.0
86 934.25 934.75
84 934.75 935.0
88 935.0 935.5
86 935.5 936.0
79 936.0 937.875
84 938.25 938.75
83 938.75 939.0
86 939.0 939.5
84 939.5 940.0
84 940.25 940.75
83 940.75 941.0
86 941.0 941.5
84 941.5 942.125
88 942.25 942.75
86 942.75 943.0
89 943.0 943.5
88 943.5 944.0
91 944.0 946.75
88 953.5 953.75
86 953.75 954.0
91 954.0 956.25
88 961.5 961.75
86 961.75 962.0
89 962.0 964.375
86 985.5 985.75
88 985.75 986.0
91 986.0 987.625
84 993.5 993.75
86 993.75 994.0
88 994.0 996.25
86 1001.5 1001.75
88 1001.75 1002.0
91 1002.0 1003.25
84 1009.5 1009.75
86 1009.75 1010.0
88 1010.0 1010.25
89 1010.25 1010.75
88 1010.75 1011.25
86 1011.25 1011.625
79 1011.75 1012.25
81 1012.25 1014.125
84 1014.75 1015.0
83 1015.0 1015.25
79 1015.25 1015.75
84 1015.75 1016.0
79 1016.0 1016.625
83 1017.0 1017.25
79 1017.25 1017.75
84 1017.75 1017.875
79 1018.0 1018.25
88 1021.75 1022.0
91 1022.0 1023.625
84 1029.5 1029.75
86 1029.75 1030.0
88 1030.0 1032.25
86 1037.5 1037.75
88 1037.75 1038.0
91 1038.0 1039.25
84 1045.5 1045.75
86 1045.75 1046.0
88 1046.0 1046.25
89 1046.25 1046.75
88 1046.75 1047.25
86 1047.25 1047.625
79 1047.75 1048.25
81 1048.25 1050.125
88 1050.25 1050.75
86 1050.75 1051.0
89 1051.0 1051.5
88 1051.5 1051.875
79 1052.0 1054.0
86 1054.25 1054.75
84 1054.75 1055.0
88 1055.0 1055.5
86 1055.5 1056.0
79 1056.0 1057.875
84 1058.25 1058.75
83 1058.75 1059.0
86 1059.0 1059.5
84 1059.5 1060.0
84 1060.25 1060.75
83 1060.75 1061.0
84 1061.5 1062.125
88 1062.25 1062.75
86 1062.75 1063.0
89 1063.0 1063.5
88 1063.5 1064.0
91 1064.0 1066.75
88 1072.25 1072.75
86 1072.75 1073.0
89 1073.25 1073.75
88 1073.75 1074.25
79 1074.25 1076.25
