76 48.0 48.25
79 48.25 49.0
79 49.0 49.5
81 49.5 49.75
79 49.75 51.0
76 52.0 52.25
79 52.25 52.875
79 53.0 53.5
81 53.5 53.875
79 53.75 55.0
79 56.0 56.625
72 56.5 57.0
72 57.0 57.5
74 57.5 57.75
76 57.75 59.375
74 60.0 60.125
74 60.25 60.875
74 61.0 61.5
76 61.5 61.75
74 61.75 63.625
76 64.0 64.25
79 64.25 64.875
79 65.0 65.5
81 65.5 65.75
79 65.75 67.0
72 67.5 67.625
72 67.75 68.0
76 68.0 68.25
79 68.25 69.0
83 69.0 69.5
84 69.5 69.75
79 69.75 71.25
79 72.0 72.625
72 72.5 72.875
72 73.0 73.5
74 73.5 73.75
76 73.75 75.0
74 76.0 76.125
67 75.75 76.125
74 76.25 76.625
74 76.75 76.875
74 77.0 77.5
76 77.5 77.75
74 77.75 79.625
79 80.0 80.5
77 80.5 80.625
77 80.75 81.375
77 81.5 81.75
76 81.75 81.875
76 82.0 82.5
74 82.5 82.625
74 82.75 83.75
79 84.0 84.375
79 84.5 84.875
79 85.0 85.5
81 85.5 85.75
72 85.75 86.75
74 87.0 87.5
76 87.5 87.75
72 87.75 89.0
81 90.5 91.0
84 91.0 91.5
81 91.5 91.625
81 91.75 92.5
79 92.5 95.625
72 96.0 96.125
72 96.25 96.625
72 96.75 97.25
74 97.25 97.625
76 97.75 98.0
79 98.0 98.5
81 98.5 98.75
79 98.75 99.5
76 99.5 99.75
79 99.75 100.0
84 100.0 100.375
84 100.5 100.625
84 100.75 101.25
83 101.25 102.0
81 102.0 102.5
79 102.5 102.625
79 102.75 103.375
76 103.5 103.75
79 103.75 104.0
81 104.0 104.375
81 104.5 104.875
83 105.0 105.5
79 105.75 106.5
76 106.5 107.5
76 107.75 108.0
77 108.0 108.5
76 108.5 108.75
74 108.75 109.5
72 109.5 109.75
74 109.75 109.875
74 110.0 111.125
81 111.25 111.625
79 111.75 111.875
81 112.0 112.25
79 112.25 112.375
81 112.5 112.75
79 112.75 112.875
81 113.0 113.25
79 113.25 113.625
72 114.0 114.125
74 114.25 114.5
76 114.5 114.625
76 114.75 115.25
76 115.5 115.75
79 115.75 115.875
84 116.25 116.375
84 116.5 116.625
84 116.75 116.875
84 117.0 117.5
83 117.5 117.75
81 117.75 118.5
79 118.5 118.625
79 118.75 119.375
76 119.5 119.75
79 119.75 120.0
81 120.0 120.5
81 120.5 120.75
83 120.75 121.5
84 121.5 122.0
79 122.0 122.75
72 122.75 123.625
67 123.75 124.0
77 124.0 124.5
79 124.5 124.75
77 124.75 125.5
69 125.75 126.0
77 126.0 126.5
76 126.5 126.75
72 126.75 127.25
69 127.25 127.875
72 127.75 131.375
76 148.0 148.25
79 148.25 148.875
79 149.0 149.5
81 149.5 149.75
79 149.75 151.0
72 151.5 151.625
72 151.75 152.0
76 152.0 152.25
79 152.25 153.0
83 153.0 153.5
84 153.5 153.75
79 153.75 155.25
79 156.0 156.625
72 156.5 156.875
72 157.0 157.5
74 157.5 157.75
76 157.75 159.0
74 160.0 160.125
67 159.75 160.125
74 160.25 160.625
74 160.75 160.875
74 161.0 161.5
76 161.5 161.75
74 161.75 163.625
79 164.0 164.5
77 164.5 164.625
77 164.75 165.375
77 165.5 165.75
76 165.75 165.875
76 166.0 166.5
74 166.75 167.75
79 168.0 168.375
79 168.5 168.875
79 169.0 169.5
81 169.5 169.75
72 169.75 170.75
74 171.0 171.5
76 171.5 171.75
72 171.75 173.0
81 174.5 175.0
84 175.0 175.5
81 175.5 175.625
81 175.75 176.5
79 176.5 179.625
72 180.0 180.125
72 180.25 180.625
72 180.75 181.25
74 181.25 181.625
76 181.75 182.0
79 182.0 182.5
81 182.5 182.75
79 182.75 183.5
76 183.5 183.75
79 183.75 184.0
84 184.0 184.375
84 184.5 184.625
84 184.75 185.25
83 185.25 186.0
81 186.0 186.5
79 186.5 186.625
79 186.75 187.375
76 187.5 187.75
79 187.75 188.0
81 188.0 188.375
81 188.5 188.875
83 189.0 189.5
84 189.5 189.75
79 189.75 190.5
76 190.5 191.5
76 191.75 192.0
77 192.0 192.5
76 192.5 192.75
74 192.75 193.5
72 193.5 193.75
74 193.75 193.875
74 194.0 195.125
81 195.25 195.625
79 195.75 195.875
81 196.0 196.25
79 196.25 196.375
81 196.5 196.75
79 196.75 196.875
81 197.0 197.25
79 197.25 197.625
72 198.0 198.125
74 198.25 198.5
76 198.5 198.625
76 198.75 199.25
76 199.75 199.75
84 200.25 200.375
84 200.5 200.625
84 200.75 200.875
84 201.0 201.5
83 201.5 201.75
81 201.75 202.5
79 202.5 202.625
79 202.75 203.375
76 203.5 203.5
79 203.75 204.0
81 204.0 204.5
81 204.5 204.75
83 204.75 205.5
84 205.5 206.0
72 206.75 207.625
67 207.75 208.0
77 208.0 208.5
79 208.5 208.75
77 208.75 209.5
69 209.75 210.0
77 210.0 210.5
76 210.5 210.75
72 210.75 211.25
69 211.25 211.875
72 211.75 215.375
72 216.0 216.125
72 216.25 216.625
72 216.75 217.25
74 217.25 217.625
76 217.75 218.0
79 218.0 218.5
81 218.5 218.75
79 218.75 219.5
79 219.75 220.0
84 220.0 220.375
84 220.5 220.625
84 220.75 221.25
83 221.25 222.0
81 222.0 222.5
79 222.5 222.625
79 222.75 223.375
76 223.5 223.75
79 223.75 224.0
81 224.0 224.375
81 224.5 224.875
83 225.0 225.5
84 225.5 225.75
79 225.75 226.5
76 226.5 227.5
76 227.75 228.0
77 228.0 228.5
76 228.5 228.75
74 228.75 229.5
72 229.5 229.75
74 229.75 229.875
74 230.0 231.125
81 231.25 231.625
79 231.75 231.875
81 232.0 232.25
79 232.25 232.375
81 232.5 232.75
79 232.75 232.875
81 233.0 233.25
79 233.25 233.625
72 234.0 234.125
74 234.25 234.5
76 234.5 234.625
76 234.75 235.25
76 235.5 235.75
79 235.75 235.875
84 236.25 236.375
84 236.5 236.625
84 236.75 236.875
84 237.0 237.5
83 237.5 237.75
81 237.75 238.5
79 238.5 238.625
79 238.75 239.375
76 239.5 239.75
79 239.75 240.0
81 240.0 240.5
81 240.5 240.75
83 240.75 241.5
84 241.5 242.0
79 242.0 242.75
72 242.75 243.625
67 243.75 244.0
77 244.0 244.5
79 244.5 244.75
77 244.75 245.5
77 246.0 246.5
76 246.5 246.75
72 246.75 247.25
69 247.25 247.25
72 247.75 251.375
